511
296
-238
-487
-428
-47
403
505
263
-279
-480
-406
6
392
462
235
-260
-457
-372
23
362
423
205
-248
-404
-322
31
318
364
160
-240
-332
-260
24
263
295
116
-211
-261
-196
38
193
211
86
-142
-180
-128
38
129
137
49
-103
-116
-77
34
83
80
15
-32
-49
-31
11
9
9
3
493
350
-110
-477
-490
-158
339
510
349
-133
-484
-487
-133
458
502
326
-171
-455
-445
-126
408
463
293
-167
-414
-398
-86
283
392
247
-136
-353
-334
-65
228
314
192
-119
-273
-251
-40
171
226
119
-116
-186
-163
-16
183
140
63
-88
-115
-92
3
58
69
29
-42
-45
-45
-27
3
8
18
511
249
-315
-500
-403
20
431
493
203
-360
-491
-366
87
419
448
171
-344
-460
-325
108
393
404
125
-264
-398
-274
96
344
346
90
-325
-337
-218
111
279
271
71
-252
-263
-159
102
214
197
26
-140
-184
-106
77
152
135
12
-94
-119
-60
64
92
76
0
-53
-59
-15
52
30
-2
-20
505
261
-288
-499
-418
-12
424
511
247
-311
-497
-413
-7
418
501
237
-311
-481
-397
-4
392
467
216
-294
-444
-361
25
349
404
198
-232
-379
-308
19
284
335
174
-173
-308
-256
5
222
269
143
-127
-226
-193
-8
143
183
108
-68
-145
-128
-8
87
114
70
-35
-82
-76
-7
62
79
45
493
350
-110
-477
-490
-158
339
510
349
-133
-484
-487
-133
458
502
326
-171
-455
-445
-126
408
463
293
-167
-414
-398
-86
283
392
247
-136
-353
-334
-65
228
314
192
-119
-273
-251
-40
171
226
119
-116
-186
-163
-16
183
140
63
-88
-115
-92
3
58
69
29
-42
-45
-45
-27
3
8
18
