0 1
0 2
0 1
0 4
0 1
0 0
0 4
0 2
0 1
0 1
0 1
0 1
0 1
0 3
0 2
0 1
0 0
0 0
0 4
0 2
0 1
0 2
0 2
0 4
0 3
0 2
0 0
0 1
0 1
0 0
0 2
0 3
0 3
0 2
0 3
0 2
0 3
0 0
0 3
0 3
0 2
0 3
0 3
0 3
0 1
0 4
0 4
0 2
0 1
0 4
0 2
0 0
0 4
0 2
0 2
0 4
0 3
0 4
0 0
0 0
0 2
0 2
0 4
0 3
0 4
1 3
0 0
0 1
0 1
0 4
0 1
0 1
0 4
0 0
0 0
0 1
0 2
0 1
0 2
0 2
0 1
0 2
0 0
0 4
0 1
0 1
0 2
0 4
0 0
0 0
0 4
0 1
0 2
0 0
0 3
0 4
0 1
0 1
0 3
0 4
0 4
0 0
0 2
0 2
0 0
0 3
0 0
0 4
0 0
0 3
0 3
0 2
0 2
0 0
0 0
0 2
0 1
0 3
0 2
0 4
0 3
0 1
0 1
0 1
0 4
0 3
0 2
0 3
0 1
0 2
874 3
806 1
2816 1
3200 2
-3258 2
-1203 0
-1912 0
-387 4
-1868 0
-2565 1
1088 3
3030 3
337 2
-3764 1
1557 3
2816 1
553 4
-3375 1
-3741 2
-641 4
3802 1
-2361 2
-3841 3
-3572 4
-2864 0
-3503 1
-2886 3
941 0
-1943 2
-4037 1
-2390 2
1636 4
3923 1
-2922 2
1805 4
-2393 4
3759 2
323 1
-447 1
43 0
-1771 0
2371 2
-1707 3
3926 3
-1000 4
-2187 3
-3947 2
-789 4
2201 2
1117 2
-594 0
-868 1
-3045 2
-1169 3
-2865 0
-3534 0
1128 3
-1465 1
1512 2
-2427 0
-1486 1
-3072 1
1504 2
3647 0
-1907 3
